 885 885   0   0
  0.6032536E+02  0.4992407E-08  0.2660647E-08  0.4019258E-08  0.5000000E-15
  1.000000000000000E-004
  CAR 
 Si_4x1 bulk                             
      3.53984951    -15.10644464  301     -1.50655808      1.00000000
    -15.106  0.0000E+00  0.0000E+00
    -15.044  0.0000E+00  0.0000E+00
    -14.982  0.0000E+00  0.0000E+00
    -14.920  0.0000E+00  0.0000E+00
    -14.858  0.0000E+00  0.0000E+00
    -14.796  0.0000E+00  0.0000E+00
    -14.734 -0.2961E-29 -0.1840E-30
    -14.671 -0.4087E-27 -0.2559E-28
    -14.609 -0.4658E-25 -0.2920E-26
    -14.547 -0.4370E-23 -0.2745E-24
    -14.485 -0.3376E-21 -0.2126E-22
    -14.423 -0.2147E-19 -0.1356E-20
    -14.361 -0.1125E-17 -0.7126E-19
    -14.298 -0.4849E-16 -0.3085E-17
    -14.236 -0.1667E-14 -0.1067E-15
    -14.174 -0.4853E-13 -0.3123E-14
    -14.112 -0.1161E-11 -0.7527E-13
    -14.050 -0.2282E-10 -0.1493E-11
    -13.988 -0.3683E-09 -0.2438E-10
    -13.926 -0.4879E-08 -0.3276E-09
    -13.863 -0.5298E-07 -0.3621E-08
    -13.801 -0.4709E-06 -0.3289E-07
    -13.739 -0.3419E-05 -0.2454E-06
    -13.677 -0.2021E-04 -0.1502E-05
    -13.615 -0.9683E-04 -0.7520E-05
    -13.553 -0.3728E-03 -0.3069E-04
    -13.490 -0.1136E-02 -0.1013E-03
    -13.428 -0.2663E-02 -0.2669E-03
    -13.366 -0.4451E-02 -0.5435E-03
    -13.304 -0.3898E-02 -0.7858E-03
    -13.242  0.4072E-02 -0.5327E-03
    -13.180  0.2417E-01  0.9696E-03
    -13.118  0.5526E-01  0.4404E-02
    -13.055  0.8805E-01  0.9877E-02
    -12.993  0.1110E+00  0.1678E-01
    -12.931  0.1203E+00  0.2425E-01
    -12.869  0.1219E+00  0.3183E-01
    -12.807  0.1250E+00  0.3960E-01
    -12.745  0.1342E+00  0.4794E-01
    -12.682  0.1498E+00  0.5726E-01
    -12.620  0.1712E+00  0.6790E-01
    -12.558  0.1968E+00  0.8013E-01
    -12.496  0.2204E+00  0.9383E-01
    -12.434  0.2329E+00  0.1083E+00
    -12.372  0.2307E+00  0.1226E+00
    -12.310  0.2225E+00  0.1365E+00
    -12.247  0.2229E+00  0.1503E+00
    -12.185  0.2383E+00  0.1651E+00
    -12.123  0.2610E+00  0.1814E+00
    -12.061  0.2778E+00  0.1986E+00
    -11.999  0.2824E+00  0.2162E+00
    -11.937  0.2780E+00  0.2335E+00
    -11.874  0.2742E+00  0.2505E+00
    -11.812  0.2816E+00  0.2680E+00
    -11.750  0.3043E+00  0.2869E+00
    -11.688  0.3353E+00  0.3078E+00
    -11.626  0.3614E+00  0.3302E+00
    -11.564  0.3749E+00  0.3535E+00
    -11.501  0.3773E+00  0.3770E+00
    -11.439  0.3763E+00  0.4004E+00
    -11.377  0.3813E+00  0.4241E+00
    -11.315  0.3984E+00  0.4488E+00
    -11.253  0.4263E+00  0.4753E+00
    -11.191  0.4550E+00  0.5036E+00
    -11.129  0.4743E+00  0.5331E+00
    -11.066  0.4815E+00  0.5630E+00
    -11.004  0.4835E+00  0.5931E+00
    -10.942  0.4901E+00  0.6235E+00
    -10.880  0.5065E+00  0.6550E+00
    -10.818  0.5302E+00  0.6880E+00
    -10.756  0.5511E+00  0.7222E+00
    -10.693  0.5597E+00  0.7570E+00
    -10.631  0.5559E+00  0.7916E+00
    -10.569  0.5497E+00  0.8257E+00
    -10.507  0.5504E+00  0.8599E+00
    -10.445  0.5559E+00  0.8945E+00
    -10.383  0.5558E+00  0.9290E+00
    -10.321  0.5439E+00  0.9628E+00
    -10.258  0.5224E+00  0.9953E+00
    -10.196  0.4966E+00  0.1026E+01
    -10.134  0.4685E+00  0.1055E+01
    -10.072  0.4392E+00  0.1083E+01
    -10.010  0.4120E+00  0.1108E+01
     -9.948  0.3904E+00  0.1132E+01
     -9.885  0.3742E+00  0.1156E+01
     -9.823  0.3608E+00  0.1178E+01
     -9.761  0.3489E+00  0.1200E+01
     -9.699  0.3375E+00  0.1221E+01
     -9.637  0.3237E+00  0.1241E+01
     -9.575  0.3053E+00  0.1260E+01
     -9.513  0.2865E+00  0.1278E+01
     -9.450  0.2773E+00  0.1295E+01
     -9.388  0.2836E+00  0.1313E+01
     -9.326  0.2985E+00  0.1331E+01
     -9.264  0.3080E+00  0.1350E+01
     -9.202  0.3047E+00  0.1369E+01
     -9.140  0.2919E+00  0.1387E+01
     -9.077  0.2757E+00  0.1404E+01
     -9.015  0.2612E+00  0.1421E+01
     -8.953  0.2539E+00  0.1437E+01
     -8.891  0.2606E+00  0.1453E+01
     -8.829  0.2845E+00  0.1470E+01
     -8.767  0.3208E+00  0.1490E+01
     -8.705  0.3581E+00  0.1513E+01
     -8.642  0.3863E+00  0.1537E+01
     -8.580  0.4028E+00  0.1562E+01
     -8.518  0.4110E+00  0.1587E+01
     -8.456  0.4105E+00  0.1613E+01
     -8.394  0.3983E+00  0.1637E+01
     -8.332  0.3838E+00  0.1661E+01
     -8.269  0.3913E+00  0.1686E+01
     -8.207  0.4357E+00  0.1713E+01
     -8.145  0.4999E+00  0.1744E+01
     -8.083  0.5550E+00  0.1778E+01
     -8.021  0.5961E+00  0.1815E+01
     -7.959  0.6431E+00  0.1855E+01
     -7.897  0.7080E+00  0.1899E+01
     -7.834  0.7768E+00  0.1948E+01
     -7.772  0.8270E+00  0.1999E+01
     -7.710  0.8473E+00  0.2052E+01
     -7.648  0.8338E+00  0.2103E+01
     -7.586  0.7785E+00  0.2152E+01
     -7.524  0.6785E+00  0.2194E+01
     -7.461  0.5558E+00  0.2229E+01
     -7.399  0.4512E+00  0.2257E+01
     -7.337  0.3899E+00  0.2281E+01
     -7.275  0.3630E+00  0.2303E+01
     -7.213  0.3456E+00  0.2325E+01
     -7.151  0.3265E+00  0.2345E+01
     -7.089  0.3133E+00  0.2365E+01
     -7.026  0.3150E+00  0.2384E+01
     -6.964  0.3271E+00  0.2405E+01
     -6.902  0.3362E+00  0.2425E+01
     -6.840  0.3327E+00  0.2446E+01
     -6.778  0.3192E+00  0.2466E+01
     -6.716  0.3104E+00  0.2485E+01
     -6.653  0.3228E+00  0.2505E+01
     -6.591  0.3571E+00  0.2528E+01
     -6.529  0.3908E+00  0.2552E+01
     -6.467  0.4013E+00  0.2577E+01
     -6.405  0.3952E+00  0.2601E+01
     -6.343  0.4033E+00  0.2626E+01
     -6.281  0.4368E+00  0.2654E+01
     -6.218  0.4650E+00  0.2682E+01
     -6.156  0.4475E+00  0.2710E+01
     -6.094  0.3837E+00  0.2734E+01
     -6.032  0.3166E+00  0.2754E+01
     -5.970  0.2923E+00  0.2772E+01
     -5.908  0.3203E+00  0.2792E+01
     -5.845  0.3697E+00  0.2815E+01
     -5.783  0.3980E+00  0.2840E+01
     -5.721  0.3867E+00  0.2864E+01
     -5.659  0.3623E+00  0.2886E+01
     -5.597  0.3863E+00  0.2910E+01
     -5.535  0.5118E+00  0.2942E+01
     -5.473  0.7321E+00  0.2987E+01
     -5.410  0.9672E+00  0.3048E+01
     -5.348  0.1113E+01  0.3117E+01
     -5.286  0.1114E+01  0.3186E+01
     -5.224  0.9987E+00  0.3248E+01
     -5.162  0.8391E+00  0.3300E+01
     -5.100  0.6991E+00  0.3344E+01
     -5.037  0.6072E+00  0.3381E+01
     -4.975  0.5654E+00  0.3417E+01
     -4.913  0.5688E+00  0.3452E+01
     -4.851  0.6155E+00  0.3490E+01
     -4.789  0.7029E+00  0.3534E+01
     -4.727  0.8230E+00  0.3585E+01
     -4.665  0.9598E+00  0.3645E+01
     -4.602  0.1088E+01  0.3712E+01
     -4.540  0.1174E+01  0.3785E+01
     -4.478  0.1192E+01  0.3859E+01
     -4.416  0.1139E+01  0.3930E+01
     -4.354  0.1043E+01  0.3995E+01
     -4.292  0.9440E+00  0.4054E+01
     -4.229  0.8761E+00  0.4108E+01
     -4.167  0.8591E+00  0.4161E+01
     -4.105  0.8898E+00  0.4217E+01
     -4.043  0.9443E+00  0.4275E+01
     -3.981  0.9923E+00  0.4337E+01
     -3.919  0.1014E+01  0.4400E+01
     -3.857  0.1011E+01  0.4463E+01
     -3.794  0.9957E+00  0.4525E+01
     -3.732  0.9907E+00  0.4586E+01
     -3.670  0.1014E+01  0.4649E+01
     -3.608  0.1066E+01  0.4716E+01
     -3.546  0.1124E+01  0.4786E+01
     -3.484  0.1155E+01  0.4857E+01
     -3.421  0.1144E+01  0.4929E+01
     -3.359  0.1099E+01  0.4997E+01
     -3.297  0.1040E+01  0.5061E+01
     -3.235  0.9795E+00  0.5122E+01
     -3.173  0.9195E+00  0.5180E+01
     -3.111  0.8578E+00  0.5233E+01
     -3.049  0.7980E+00  0.5282E+01
     -2.986  0.7540E+00  0.5329E+01
     -2.924  0.7392E+00  0.5375E+01
     -2.862  0.7501E+00  0.5422E+01
     -2.800  0.7677E+00  0.5470E+01
     -2.738  0.7754E+00  0.5518E+01
     -2.676  0.7715E+00  0.5566E+01
     -2.613  0.7601E+00  0.5613E+01
     -2.551  0.7417E+00  0.5659E+01
     -2.489  0.7171E+00  0.5704E+01
     -2.427  0.6987E+00  0.5747E+01
     -2.365  0.7085E+00  0.5791E+01
     -2.303  0.7600E+00  0.5838E+01
     -2.241  0.8372E+00  0.5890E+01
     -2.178  0.8947E+00  0.5946E+01
     -2.116  0.8854E+00  0.6001E+01
     -2.054  0.7951E+00  0.6050E+01
     -1.992  0.6537E+00  0.6091E+01
     -1.930  0.5135E+00  0.6123E+01
     -1.868  0.4134E+00  0.6149E+01
     -1.805  0.3577E+00  0.6171E+01
     -1.743  0.3247E+00  0.6191E+01
     -1.681  0.2924E+00  0.6209E+01
     -1.619  0.2522E+00  0.6225E+01
     -1.557  0.2060E+00  0.6238E+01
     -1.495  0.1599E+00  0.6248E+01
     -1.432  0.1214E+00  0.6255E+01
     -1.370  0.9564E-01  0.6261E+01
     -1.308  0.8205E-01  0.6266E+01
     -1.246  0.7549E-01  0.6271E+01
     -1.184  0.7183E-01  0.6275E+01
     -1.122  0.7123E-01  0.6280E+01
     -1.060  0.7657E-01  0.6285E+01
     -0.997  0.8943E-01  0.6290E+01
     -0.935  0.1070E+00  0.6297E+01
     -0.873  0.1225E+00  0.6304E+01
     -0.811  0.1301E+00  0.6313E+01
     -0.749  0.1320E+00  0.6321E+01
     -0.687  0.1390E+00  0.6329E+01
     -0.624  0.1635E+00  0.6340E+01
     -0.562  0.2100E+00  0.6353E+01
     -0.500  0.2719E+00  0.6370E+01
     -0.438  0.3388E+00  0.6391E+01
     -0.376  0.4049E+00  0.6416E+01
     -0.314  0.4699E+00  0.6445E+01
     -0.252  0.5318E+00  0.6478E+01
     -0.189  0.5837E+00  0.6514E+01
     -0.127  0.6196E+00  0.6553E+01
     -0.065  0.6388E+00  0.6592E+01
     -0.003  0.6425E+00  0.6632E+01
      0.059  0.6297E+00  0.6672E+01
      0.121  0.6038E+00  0.6709E+01
      0.184  0.5800E+00  0.6745E+01
      0.246  0.5786E+00  0.6781E+01
      0.308  0.6075E+00  0.6819E+01
      0.370  0.6559E+00  0.6860E+01
      0.432  0.7074E+00  0.6904E+01
      0.494  0.7540E+00  0.6950E+01
      0.556  0.7970E+00  0.7000E+01
      0.619  0.8418E+00  0.7052E+01
      0.681  0.8946E+00  0.7108E+01
      0.743  0.9588E+00  0.7168E+01
      0.805  0.1029E+01  0.7231E+01
      0.867  0.1092E+01  0.7299E+01
      0.929  0.1130E+01  0.7370E+01
      0.992  0.1136E+01  0.7440E+01
      1.054  0.1118E+01  0.7510E+01
      1.116  0.1097E+01  0.7578E+01
      1.178  0.1097E+01  0.7646E+01
      1.240  0.1120E+01  0.7716E+01
      1.302  0.1140E+01  0.7787E+01
      1.364  0.1118E+01  0.7856E+01
      1.427  0.1023E+01  0.7920E+01
      1.489  0.8411E+00  0.7972E+01
      1.551  0.5928E+00  0.8009E+01
      1.613  0.3322E+00  0.8029E+01
      1.675  0.1249E+00  0.8037E+01
      1.737  0.6743E-02  0.8038E+01
      1.800 -0.3278E-01  0.8035E+01
      1.862 -0.3004E-01  0.8034E+01
      1.924 -0.1664E-01  0.8033E+01
      1.986 -0.6760E-02  0.8032E+01
      2.048 -0.2131E-02  0.8032E+01
      2.110 -0.5339E-03  0.8032E+01
      2.172 -0.1076E-03  0.8032E+01
      2.235 -0.1759E-04  0.8032E+01
      2.297 -0.2341E-05  0.8032E+01
      2.359 -0.2545E-06  0.8032E+01
      2.421 -0.2264E-07  0.8032E+01
      2.483 -0.1652E-08  0.8032E+01
      2.545 -0.9891E-10  0.8032E+01
      2.608 -0.4866E-11  0.8032E+01
      2.670 -0.1968E-12  0.8032E+01
      2.732 -0.6530E-14  0.8032E+01
      2.794 -0.1858E-15  0.8032E+01
      2.856  0.0000E+00  0.8032E+01
      2.918  0.0000E+00  0.8032E+01
      2.980  0.0000E+00  0.8032E+01
      3.043  0.0000E+00  0.8032E+01
      3.105  0.0000E+00  0.8032E+01
      3.167  0.0000E+00  0.8032E+01
      3.229  0.0000E+00  0.8032E+01
      3.291  0.0000E+00  0.8032E+01
      3.353  0.0000E+00  0.8032E+01
      3.416  0.0000E+00  0.8032E+01
      3.478  0.0000E+00  0.8032E+01
      3.540  0.0000E+00  0.8032E+01
000000
